[38;2;192;202;245m███████████████████████████████████[0m
[38;2;192;202;245m█████████████████[38;2;255;158;100m▀╙[38;2;187;154;247m╙^^╙[38;2;192;202;245m╚████████[0m
[38;2;192;202;245m███████████[38;2;255;158;100m▀╙[38;2;187;154;247m╙[38;2;192;202;245m"          ║██████[0m
[38;2;192;202;245m████████▒[38;2;187;154;247m"[38;2;192;202;245m`          ,╔▄╓║██████[0m
[38;2;192;202;245m███████[38;2;255;158;100m▌[38;2;192;202;245m░        [38;2;187;154;247m_[38;2;255;158;100m_[38;2;192;202;245m.░╚▓▓▓▒[38;2;255;158;100m║█████[0m
[38;2;192;202;245m██████H     [38;2;255;158;100m_[38;2;192;202;245m-.-░[38;2;255;158;100m-__╔║▓▓▓╠▓████[0m
[38;2;192;202;245m███████[38;2;187;154;247m▒[38;2;187;154;247m_[38;2;255;158;100m_[38;2;192;202;245m---[38;2;255;158;100m`-``[0m[38;2;125;207;255m`-j╫╣[38;2;255;158;100m▀R╙╙[38;2;187;154;247m²[38;2;192;202;245m╚████[0m
[38;2;192;202;245m████████[38;2;192;202;245mH[38;2;192;202;245m--:,;╔╔,[38;2;255;158;100m_,,[38;2;187;154;247m,[38;2;192;202;245m╓,,,.╔████[0m
[38;2;192;202;245m████████▒[38;2;192;202;245m_-[38;2;255;158;100m_,|░╚╚D[38;2;192;202;245m⌐╚║╣▓▓▓▓╓╠[38;2;255;158;100m╚███[0m
[38;2;192;202;245m█████▀▀▀[38;2;192;202;245m--[38;2;255;158;100m,╠░╚╔░[38;2;187;154;247m²  [38;2;192;202;245m╙[38;2;255;158;100m╚╚╣▓▒[38;2;192;202;245m^j████[0m
[38;2;192;202;245m██[38;2;255;158;100m▀╙[38;2;122;162;247m`  [38;2;192;202;245m_[38;2;255;158;100mj╠╠╠╠░[38;2;247;118;142m⌐      [38;2;192;202;245m``[38;2;255;158;100m² |╗████[0m
[38;2;192;202;245m██[38;2;255;158;100m▀[38;2;192;202;245mÜ   ,[38;2;255;158;100mj╠╠╠╠D[38;2;255;158;100m╠[38;2;192;202;245m`           ╚████[0m
[38;2;192;202;245m"`     ╚[38;2;187;154;247m░[38;2;255;158;100m░╚╠╠╠D[38;2;255;158;100m▒[38;2;192;202;245m╔[38;2;187;154;247m_        [38;2;122;162;247m_[38;2;192;202;245m╔████[0m
[38;2;158;206;106m        [38;2;187;154;247m╚R[38;2;192;202;245m░[38;2;255;158;100m░╠╠╠╠╬D▒[38;2;192;202;245m=[38;2;187;154;247m|.  'Φ██████[0m
[38;2;158;206;106m        [38;2;86;95;137m`[38;2;192;202;245mⁿⁿ[38;2;187;154;247m²²²ⁿⁿⁿⁿ² [38;2;86;95;137m`²²   [38;2;192;202;245m╙▀▀▀▀▀[0m